image: map_loc.pgm
resolution: 0.030000
#origin: [-22.449058, -10.600470, 0.000000]
origin: [0, 0, 0.000000]
negate: 0
occupied_thresh: 0.65
free_thresh: 0.196
